00000000101000001000000010010011
00000000000100110010000000100011
00000001010000010000000100010011
00000000001000110010001000100011
00000000010000110010000010000011
00000000000000110010000100000011
00000000001000001000000110110011
01000000001000001000000110110011 
00000000001000001111000110110011 
00000000001000001110000110110011
00000000001000100000001000010011 
10000000000000101000001010010011
00000000010000101101000110110011 
00000000010000010001000110110011
01000000010000101101000110110011
00000000101000001110000110010011
00000000101000001111000110010011
